,last_net_contributions,loan_repayments,cycle,refunded_other_political_committee_contributions,last_report_year,offsets_to_legal_accounting,last_cash_on_hand_end_period,contribution_refunds,offsets_to_operating_expenditures,refunded_political_party_committee_contributions,election_full,other_political_committee_contributions,individual_unitemized_contributions,loans,loan_repayments_other_loans,transfers_to_other_authorized_committee,last_net_operating_expenditures,other_receipts,net_operating_expenditures,disbursements,receipts,exempt_legal_accounting_disbursement,loan_repayments_candidate_loans,candidate_contribution,all_other_loans,federal_funds,political_party_committee_contributions,other_disbursements,last_debts_owed_by_committee,loans_made_by_candidate,fundraising_disbursements,individual_itemized_contributions,candidate_id,offsets_to_fundraising_expenditures,transfers_from_other_authorized_committee,last_beginning_image_number,transaction_coverage_date,refunded_individual_contributions,candidate_election_year,coverage_start_date,last_debts_owed_to_committee,total_offsets_to_operating_expenditures,net_contributions,last_report_type_full,operating_expenditures,coverage_end_date,contributions,individual_contributions
7,,0.0,,0.0,1982,0.0,,0.0,0.0,0.0,True,0.0,0.0,0.0,0.0,0.0,,0.0,0.0,35909.0,248495.0,0.0,0.0,0.0,0.0,0.0,0.0,0.0,,0.0,0.0,0.0,S2KY00012,0.0,0.0,83020033345,1982-12-31T00:00:00+00:00,0.0,1982,,,0.0,0.0,YEAR-END,0.0,1982-12-31T00:00:00+00:00,0.0,0.0
6,,0.0,,0.0,1984,0.0,27443.0,0.0,0.0,0.0,True,0.0,0.0,0.0,0.0,0.0,,0.0,0.0,1776128.0,1591303.0,0.0,40000.0,0.0,0.0,0.0,0.0,0.0,36378.0,40000.0,0.0,0.0,S2KY00012,0.0,0.0,85020020299,1984-12-31T00:00:00+00:00,5014.0,1984,1983-01-01T00:00:00+00:00,0.0,0.0,0.0,YEAR-END,0.0,1984-12-31T00:00:00+00:00,0.0,1262199.0
5,,0.0,,52750.0,1990,0.0,190373.0,0.0,0.0,0.0,True,1363129.0,0.0,0.0,0.0,81311.0,,0.0,0.0,5473285.0,5636215.0,0.0,0.0,0.0,0.0,0.0,23151.0,0.0,0.0,0.0,0.0,0.0,S2KY00012,0.0,253537.0,86020112913,1990-12-31T00:00:00+00:00,8917.0,1990,1985-01-01T00:00:00+00:00,0.0,0.0,0.0,YEAR-END,5140253.0,1990-12-31T00:00:00+00:00,0.0,3075738.0
4,,0.0,,7313.0,1996,0.0,189324.0,0.0,0.0,200.0,True,1316324.0,0.0,0.0,0.0,0.0,,0.0,0.0,5031293.0,5030245.0,0.0,0.0,0.0,0.0,0.0,18965.0,0.0,51389.0,0.0,0.0,0.0,S2KY00012,0.0,98132.0,93020015026,1996-12-31T00:00:00+00:00,5975.0,1996,1991-01-01T00:00:00+00:00,0.0,0.0,0.0,YEAR-END,4974845.0,1996-12-31T00:00:00+00:00,0.0,3166675.0
19,,0.0,1998.0,0.0,1998,0.0,216701.0,0.0,0.0,0.0,False,23000.0,0.0,0.0,0.0,0.0,,0.0,0.0,205776.0,233154.0,0.0,0.0,0.0,0.0,0.0,0.0,0.0,30485.0,0.0,0.0,0.0,S2KY00012,0.0,0.0,99020033066,1998-12-31T00:00:00+00:00,3000.0,2002,1997-01-01T00:00:00+00:00,0.0,0.0,0.0,YEAR-END,180971.0,1998-12-31T00:00:00+00:00,0.0,76524.0
18,,0.0,2000.0,0.0,2000,0.0,1023636.0,0.0,0.0,0.0,False,118782.0,0.0,0.0,0.0,0.0,,0.0,0.0,205816.0,1012751.0,0.0,0.0,0.0,0.0,0.0,0.0,0.0,0.0,0.0,0.0,0.0,S2KY00012,0.0,0.0,21020082125,2000-12-31T00:00:00+00:00,3000.0,2002,1999-01-01T00:00:00+00:00,0.0,0.0,0.0,YEAR-END,149066.0,2000-12-31T00:00:00+00:00,0.0,821099.0
17,,0.0,2002.0,3500.0,2002,0.0,428116.0,0.0,0.0,0.0,False,1192888.0,0.0,0.0,0.0,5000.0,,0.0,0.0,5336099.0,4740581.0,0.0,0.0,0.0,0.0,0.0,2630.0,0.0,0.0,0.0,0.0,0.0,S2KY00012,0.0,135249.0,23020080374,2002-12-31T00:00:00+00:00,2000.0,2002,2001-01-01T00:00:00+00:00,0.0,0.0,0.0,YEAR-END,5028599.0,2002-12-31T00:00:00+00:00,0.0,3194818.0
16,,0.0,2004.0,0.0,2004,0.0,197028.0,0.0,0.0,0.0,False,121250.0,0.0,0.0,0.0,0.0,,0.0,0.0,530966.0,299879.0,0.0,0.0,0.0,0.0,0.0,0.0,0.0,0.0,0.0,0.0,0.0,S2KY00012,0.0,0.0,25020041800,2004-12-31T00:00:00+00:00,0.0,2008,2003-01-01T00:00:00+00:00,0.0,0.0,0.0,YEAR-END,171647.0,2004-12-31T00:00:00+00:00,0.0,98835.0
15,138968.0,0.0,2006.0,5000.0,2006,0.0,2709606.0,17300.0,1072.99,0.0,False,1069448.0,12593.0,0.0,0.0,20000.0,49260.0,29749.22,360289.12,1445736.0,3958313.0,0.0,0.0,0.0,0.0,0.0,0.0,1004500.0,0.0,0.0,0.0,2388692.0,S2KY00012,0.0,0.0,27020031722,2006-12-31T00:00:00+00:00,12300.0,2008,2005-01-01T00:00:00+00:00,0.0,0.0,3338133.0,YEAR-END,402953.0,2006-12-31T00:00:00+00:00,3355433.0,2856860.0
2,1408879.0,1836275.0,,42544.0,2008,0.0,87972.0,184791.0,3466.99,0.0,True,4945029.0,903158.0,2086275.0,0.0,132200.0,199113.0,278941.22,19382372.12,23282998.0,22940153.0,0.0,1836275.0,1391275.0,0.0,0.0,46897.0,1170350.0,510783.0,2086275.0,0.0,11242360.0,S2KY00012,0.0,1407349.0,10020730767,2008-12-31T00:00:00+00:00,142247.0,2008,2003-01-01T00:00:00+00:00,0.0,0.0,18107384.0,YEAR-END,19599080.0,2008-12-31T00:00:00+00:00,18292175.52,12699933.0
13,407445.0,250000.0,2010.0,3600.0,2010,0.0,1017452.0,6300.0,281253.0,0.0,False,602973.0,191120.0,0.0,0.0,0.0,59847.0,4761.0,482629.0,1081383.0,2010862.0,0.0,250000.0,0.0,0.0,0.0,0.0,61200.0,0.0,0.0,0.0,930751.0,S2KY00012,0.0,0.0,11020230261,2010-12-31T00:00:00+00:00,2700.0,2014,2009-01-01T00:00:00+00:00,0.0,0.0,1718546.0,YEAR-END,763883.0,2010-12-31T00:00:00+00:00,1724846.94,1121872.0
12,706716.0,0.0,2012.0,9500.0,2012,0.0,7383877.0,64054.0,10545.0,0.0,False,2013676.0,91997.0,0.0,0.0,0.0,170457.0,34507.0,1202590.0,1338792.0,7705216.0,0.0,0.0,0.0,0.0,0.0,0.0,61600.0,0.0,0.0,0.0,5503231.0,S2KY00012,0.0,51253.0,15020010020,2012-12-31T00:00:00+00:00,54554.0,2014,2011-01-01T00:00:00+00:00,0.0,0.0,7544851.0,YEAR-END,1213137.0,2012-12-31T00:00:00+00:00,7608905.0,5595228.0
1,23277.0,250000.0,,79354.0,2014,0.0,248241.0,352033.0,353131.0,0.0,True,6437809.0,1215940.0,250000.0,0.0,5000.0,30082.0,88737.0,29436285.0,30690557.0,30850825.0,0.0,250000.0,1550000.0,0.0,0.0,1500.0,294100.0,378419.0,250000.0,0.0,17677038.0,S2KY00012,0.0,3276639.0,11020230261,2014-12-31T00:00:00+00:00,272679.0,2014,2009-01-01T00:00:00+00:00,0.0,0.0,26530263.0,YEAR-END,29789421.0,2014-12-31T00:00:00+00:00,26882298.94,18892986.0
10,210769.0,250000.0,2016.0,0.0,2016,0.0,925444.0,3500.0,155270.0,0.0,False,586200.0,198171.0,0.0,0.0,0.0,153435.0,34761.0,798091.0,1476861.0,2154065.0,0.0,250000.0,0.0,0.0,0.0,0.0,270000.0,0.0,0.0,0.0,644965.0,S2KY00012,0.0,534688.0,201702010200046575,2016-12-31T00:00:00+00:00,3500.0,2020,2015-01-01T00:00:00+00:00,0.0,0.0,1425837.0,YEAR-END,953361.0,2016-12-31T00:00:00+00:00,1429337.0,843137.0
9,246955.5,0.0,2018.0,1000.0,2018,0.0,3595456.04,14850.0,0.0,0.0,False,742783.0,101635.5,0.0,0.0,0.0,142061.37,8443.78,892357.14,1033207.14,3703218.82,0.0,0.0,0.0,0.0,0.0,0.0,126000.0,0.0,0.0,0.0,1237376.0,S2KY00012,0.0,1612974.54,201901309144226050,2018-12-31T00:00:00+00:00,13850.0,2020,2017-01-01T00:00:00+00:00,0.0,0.0,2066945.5,YEAR-END,892357.14,2018-12-31T00:00:00+00:00,2081795.5,1339011.5
8,12200826.66,0.0,2020.0,180825.61,2020,0.0,10524148.04,1565867.51,122.36,0.0,False,3597747.57,25344234.7,0.0,0.0,7582.01,13761296.49,2397.89,55609920.56,57188492.44,64117184.44,0.0,0.0,0.0,0.0,0.0,3857.01,5000.0,0.0,0.0,0.0,30551273.39,S2KY00012,0.0,4617551.52,202010029284990566,2020-10-14T00:00:00+00:00,1385041.9,2020,2019-01-01T00:00:00+00:00,0.0,0.0,57931245.16,TERMINATION REPORT,55610042.92,2020-11-23T00:00:00+00:00,59497112.67,55895508.09
